0.029948949813842773,0,0
0.0499112606048584,-2,-14
0.06800079345703125,-5,-245
0.08701610565185547,-11,-238
0.10043025016784668,-15,-317
0.1156919002532959,-20,-374
0.12835144996643066,-26,-419
0.14102792739868164,-32,-443
0.156083345413208,-40,-469
0.17051172256469727,-46,-502
0.1844465732574463,-53,-526
0.1944749355316162,-56,-531
0.200089693069458,-60,-537
0.20643019676208496,-62,-543
0.2122945785522461,-67,-558
0.21872973442077637,-70,-577
0.2290031909942627,-80,-582
0.2441258430480957,-86,-593
0.25626230239868164,-93,-597
0.2629420757293701,-97,-612
0.2685532569885254,-100,-612
0.27488207817077637,-104,-612
0.28050661087036133,-108,-613
0.286684513092041,-112,-619
0.2941465377807617,-116,-620
0.2997150421142578,-119,-627
0.306058406829834,-123,-633
0.311934232711792,-128,-633
0.31838345527648926,-130,-632
0.3247358798980713,-136,-634
0.33035922050476074,-140,-635
0.33672642707824707,-144,-644
0.3441295623779297,-148,-648
0.3496077060699463,-151,-650
0.3559091091156006,-155,-646
0.3611721992492676,-159,-641
0.36762213706970215,-163,-646
0.3742344379425049,-167,-655
0.37984466552734375,-171,-657
0.38614892959594727,-174,-655
0.391664981842041,-180,-654
0.39878058433532715,-184,-650
0.40506410598754883,-188,-658
0.4106447696685791,-192,-663
0.4168541431427002,-196,-665
0.42319512367248535,-200,-662
0.4288487434387207,-204,-656
0.43559956550598145,-208,-655
0.44086217880249023,-213,-663
0.4495818614959717,-217,-671
0.4560732841491699,-221,-668
0.4615941047668457,-226,-660
0.4681375026702881,-229,-658
0.4747185707092285,-234,-656
0.48035478591918945,-241,-670
0.49095702171325684,-245,-672
0.4985034465789795,-250,-663
0.5058708190917969,-254,-664
0.5117652416229248,-260,-663
0.5186810493469238,-264,-672
0.5249757766723633,-268,-671
0.5305700302124023,-272,-669
0.5368483066558838,-276,-663
0.5431888103485107,-280,-665
0.5500106811523438,-285,-669
0.5563716888427734,-288,-675
0.5618977546691895,-293,-678
0.5696432590484619,-297,-668
0.5759336948394775,-301,-663
0.5812053680419922,-305,-665
0.5876166820526123,-309,-672
0.594261646270752,-314,-677
0.6006639003753662,-318,-673
0.6069040298461914,-322,-669
0.6131935119628906,-326,-664
0.6196169853210449,-330,-666
0.6259410381317139,-334,-674
0.6311824321746826,-340,-680
0.6383275985717773,-343,-677
0.6446597576141357,-348,-666
0.6509313583374023,-352,-669
0.657113790512085,-356,-674
0.6637670993804932,-360,-678
0.6689915657043457,-364,-679
0.6757428646087646,-368,-671
0.6810202598571777,-372,-667
0.6872296333312988,-376,-673
0.6939494609832764,-380,-675
0.7003991603851318,-386,-681
0.7066307067871094,-390,-681
0.712925910949707,-394,-674
0.7184329032897949,-398,-672
0.7255830764770508,-402,-670
0.7308497428894043,-406,-678
0.737213134765625,-410,-682
0.7439932823181152,-414,-678
0.7503340244293213,-420,-675
0.7565371990203857,-424,-669
0.7627785205841064,-428,-674
0.7683563232421875,-430,-680
0.7747457027435303,-436,-682
0.7803635597229004,-440,-678
0.7865362167358398,-444,-671
0.7924094200134277,-448,-671
0.7985372543334961,-452,-679
0.805959939956665,-456,-681
0.8111984729766846,-460,-681
0.8176274299621582,-464,-675
0.8241267204284668,-468,-671
0.8296043872833252,-472,-672
0.8359603881835938,-476,-676
0.8412256240844727,-480,-684
0.84769606590271,-486,-680
0.8558402061462402,-490,-672
0.86112380027771,-494,-671
0.8675591945648193,-498,-670
0.8741886615753174,-502,-683
0.8797907829284668,-506,-684
0.8899276256561279,-514,-675
0.8962545394897461,-517,-670
0.9040737152099609,-522,-671
0.9095849990844727,-527,-681
0.9161252975463867,-531,-679
0.921708345413208,-536,-677
0.9278879165649414,-539,-670
0.9347517490386963,-544,-670
0.9403769969940186,-548,-676
0.9467308521270752,-552,-680
0.9542109966278076,-556,-681
0.9598424434661865,-560,-677
0.9660682678222656,-564,-670
0.9715795516967773,-570,-673
0.9779293537139893,-573,-677
0.9844613075256348,-577,-682
0.9900872707366943,-582,-679
0.9964261054992676,-585,-679
1.0023317337036133,-590,-672
