0.03166842460632324,0,0
0.043444156646728516,0,-3
0.05876874923706055,0,-7
0.07077217102050781,-2,-108
0.09000039100646973,-6,-156
0.10099101066589355,-8,-189
0.11361265182495117,-12,-223
0.12849164009094238,-14,-258
0.13945865631103516,-18,-280
0.15146303176879883,-22,-296
0.1666700839996338,-26,-315
0.17842721939086914,-28,-318
0.18396663665771484,-31,-326
0.19033408164978027,-32,-331
0.19687891006469727,-35,-340
0.20254039764404297,-38,-345
0.21034789085388184,-42,-358
0.22794771194458008,-47,-371
0.2385549545288086,-51,-373
0.2475264072418213,-54,-371
0.25357484817504883,-56,-377
0.2600240707397461,-58,-378
0.26652050018310547,-60,-386
0.27204394340515137,-63,-392
0.2790210247039795,-66,-394
0.2853269577026367,-68,-397
0.29137516021728516,-71,-397
0.2981269359588623,-74,-398
0.30342555046081543,-76,-397
0.31002163887023926,-78,-397
0.3165466785430908,-80,-397
0.32204365730285645,-83,-398
0.3291475772857666,-86,-404
0.33545851707458496,-89,-408
0.34106874465942383,-91,-408
0.34739232063293457,-94,-412
0.35303401947021484,-96,-411
0.3592560291290283,-98,-406
0.36556410789489746,-101,-410
0.37134885787963867,-104,-406
0.3791673183441162,-107,-409
0.3855268955230713,-109,-412
0.39118075370788574,-112,-413
0.3974628448486328,-114,-417
0.4031202793121338,-117,-422
0.40937232971191406,-120,-417
0.41611480712890625,-122,-415
0.42139148712158203,-124,-415
0.42890405654907227,-128,-412
0.4352405071258545,-130,-413
0.44080591201782227,-132,-417
0.4471619129180908,-135,-415
0.452803373336792,-138,-421
0.45900821685791016,-140,-424
0.46529436111450195,-143,-420
0.4708526134490967,-145,-422
0.4772069454193115,-148,-421
0.48993825912475586,-153,-414
0.4966435432434082,-155,-417
0.5023036003112793,-158,-416
0.5086319446563721,-160,-424
0.5141756534576416,-164,-426
0.5205273628234863,-166,-427
0.527033805847168,-169,-426
0.5334756374359131,-172,-421
0.5399456024169922,-174,-418
0.5466315746307373,-176,-418
0.5522613525390625,-179,-419
0.5586123466491699,-182,-418
0.5641293525695801,-185,-425
0.5703215599060059,-186,-429
0.5768909454345703,-189,-429
0.5833261013031006,-192,-430
0.5895571708679199,-195,-425
0.5962779521942139,-198,-418
0.6014730930328369,-200,-421
0.6083025932312012,-202,-418
0.6135880947113037,-205,-419
0.6200525760650635,-208,-425
0.6265456676483154,-210,-430
0.6329011917114258,-214,-431
0.6391572952270508,-216,-430
0.6454672813415527,-219,-421
0.6519715785980225,-222,-421
0.658287525177002,-224,-418
0.6635890007019043,-226,-415
0.6702334880828857,-229,-424
0.6767446994781494,-232,-424
0.6831042766571045,-236,-430
0.690394401550293,-238,-429
0.6969287395477295,-240,-426
0.7025833129882812,-244,-422
0.7088027000427246,-245,-421
0.7143409252166748,-248,-418
0.7205429077148438,-250,-420
0.7271952629089355,-254,-421
0.7335517406463623,-257,-428
0.74125075340271,-260,-430
0.7475321292877197,-262,-428
0.7531847953796387,-264,-428
0.7594051361083984,-267,-423
0.7661001682281494,-270,-419
0.7713563442230225,-272,-421
0.7779338359832764,-275,-422
0.7842752933502197,-278,-420
0.7912061214447021,-281,-429
0.798778772354126,-284,-429
0.8047714233398438,-287,-430
0.8107781410217285,-288,-430
0.8173112869262695,-292,-425
0.822941780090332,-294,-420
0.8291740417480469,-297,-419
0.8366308212280273,-300,-420
0.8422830104827881,-303,-424
0.8486082553863525,-304,-426
0.8541967868804932,-308,-427
0.8611328601837158,-310,-430
0.8674168586730957,-313,-428
0.8730778694152832,-316,-423
0.8792920112609863,-318,-421
0.8907220363616943,-322,-420
0.8973047733306885,-326,-424
0.9029285907745361,-328,-427
0.9093930721282959,-331,-431
0.9162614345550537,-334,-433
0.9215171337127686,-336,-429
0.9281618595123291,-338,-425
0.9334990978240967,-342,-425
0.9409487247467041,-344,-417
0.9473943710327148,-347,-422
0.9530434608459473,-350,-426
0.9592854976654053,-352,-425
0.9656076431274414,-355,-433
0.9713881015777588,-358,-431
0.9779531955718994,-360,-428
0.9832463264465332,-362,-428
0.9905579090118408,-365,-425
0.9974291324615479,-368,-423
1.0030722618103027,-371,-424
