0.021907567977905273,0,0
0.05243492126464844,1,62
0.06955575942993164,4,161
0.0803537368774414,6,215
0.0944206714630127,12,336
0.10805368423461914,16,410
0.12114882469177246,24,493
0.13089871406555176,27,520
0.1416025161743164,33,579
0.14840316772460938,37,611
0.15405559539794922,43,659
0.16049718856811523,47,690
0.16637802124023438,56,756
0.18413257598876953,66,814
0.19547820091247559,74,841
0.20231318473815918,80,866
0.20871591567993164,87,876
0.21439814567565918,92,906
0.22081851959228516,98,917
0.2271416187286377,104,932
0.23392343521118164,112,947
0.24014520645141602,116,962
0.24570536613464355,124,975
0.25192832946777344,128,988
0.25844454765319824,134,996
0.2640573978424072,142,1004
0.27030301094055176,146,1015
0.2758617401123047,154,1021
0.28408026695251465,162,1035
0.2902963161468506,166,1041
0.2958643436431885,175,1046
0.3020360469818115,179,1048
0.3085360527038574,188,1055
0.3142049312591553,194,1063
0.32039785385131836,200,1062
0.32639288902282715,207,1066
0.33321261405944824,213,1069
0.3399927616119385,220,1069
0.3455049991607666,226,1074
0.3517131805419922,232,1078
0.35825085639953613,239,1080
0.3638632297515869,248,1084
0.3715496063232422,254,1083
0.37914586067199707,263,1087
0.3880729675292969,274,1087
0.3943614959716797,280,1086
0.4008195400238037,287,1089
0.4071817398071289,294,1093
0.4130728244781494,300,1092
0.41970324516296387,306,1092
0.4249989986419678,313,1095
0.43234848976135254,320,1095
0.43972134590148926,328,1093
0.4456753730773926,337,1095
0.45188331604003906,342,1093
0.45857739448547363,350,1091
0.4642171859741211,357,1098
0.47045040130615234,364,1098
0.4763503074645996,370,1096
0.4830505847930908,377,1098
0.49007296562194824,384,1099
0.49561047554016113,392,1101
0.5042390823364258,401,1099
0.5105931758880615,408,1102
0.5168783664703369,414,1102
0.5227866172790527,421,1099
0.5295753479003906,428,1100
0.5359129905700684,440,1103
0.5480585098266602,447,1099
0.5535986423492432,454,1104
0.5601778030395508,460,1101
0.5657246112823486,469,1097
0.5720510482788086,474,1103
0.5787405967712402,482,1101
0.5851657390594482,489,1103
0.5921370983123779,496,1101
0.5986030101776123,504,1102
0.6042373180389404,511,1101
0.6104438304901123,518,1102
0.6163547039031982,524,1105
0.6223025321960449,529,1104
0.6288878917694092,538,1104
0.6352028846740723,546,1106
0.641864538192749,551,1105
0.6485683917999268,560,1102
0.6542232036590576,566,1106
0.6604604721069336,573,1109
0.6663596630096436,580,1106
0.6721546649932861,584,1109
0.6788275241851807,593,1109
0.685230016708374,600,1111
0.6917095184326172,606,1109
0.698361873626709,613,1114
0.7039878368377686,622,1111
0.7101895809173584,626,1112
0.715733528137207,636,1115
0.7220964431762695,640,1110
0.7285740375518799,649,1111
0.7342534065246582,658,1111
0.7420988082885742,662,1110
0.7485971450805664,671,1109
0.7542386054992676,678,1112
0.7606065273284912,684,1113
0.7688159942626953,693,1112
0.7758126258850098,702,1113
0.7819998264312744,706,1113
0.7895772457122803,716,1111
0.794870138168335,725,1116
0.8046369552612305,736,1114
0.8129255771636963,744,1119
0.8215653896331787,754,1118
0.8301253318786621,762,1115
0.8398232460021973,774,1118
0.8481647968292236,782,1120
0.8558030128479004,792,1121
0.8649253845214844,803,1119
0.873152494430542,812,1121
0.8816311359405518,818,1123
0.8888804912567139,828,1120
0.8945882320404053,835,1124
0.9015543460845947,841,1124
0.9080595970153809,848,1120
0.9135873317718506,854,1121
0.920879602432251,864,1128
0.9276928901672363,870,1127
0.9329338073730469,877,1127
0.9443337917327881,890,1128
0.950737476348877,897,1128
0.9570331573486328,904,1130
0.9627971649169922,911,1127
0.9695372581481934,918,1129
0.9748067855834961,924,1126
0.9811873435974121,932,1128
0.9879240989685059,940,1128
0.9943721294403076,947,1124
1.000713586807251,954,1126
