0.02617669105529785,0,2
0.03911995887756348,1,7
0.0523378849029541,2,19
0.06430912017822266,5,181
0.07782697677612305,10,287
0.09055399894714355,15,377
0.1032097339630127,20,436
0.11508870124816895,26,528
0.13499927520751953,37,566
0.14521574974060059,41,588
0.15194106101989746,45,604
0.15721845626831055,49,630
0.16367769241333008,53,653
0.17016911506652832,57,669
0.17532682418823242,61,691
0.1877124309539795,73,716
0.20225143432617188,82,747
0.21105647087097168,88,751
0.21710681915283203,94,760
0.22410893440246582,97,776
0.2306210994720459,102,784
0.2362356185913086,108,793
0.24337077140808105,113,802
0.25011491775512695,118,802
0.2553069591522217,123,813
0.26189637184143066,128,824
0.26720643043518066,135,830
0.27498698234558105,139,829
0.28122425079345703,145,837
0.2868320941925049,149,845
0.29400634765625,155,847
0.3007240295410156,161,850
0.30634474754333496,167,849
0.3129003047943115,172,853
0.3191962242126465,177,863
0.3247866630554199,182,865
0.33212852478027344,187,861
0.3380086421966553,194,861
0.34503960609436035,199,872
0.3513295650482178,205,874
0.3569204807281494,210,870
0.3632547855377197,215,868
0.3699686527252197,221,878
0.37514448165893555,226,884
0.3816814422607422,231,878
0.38696718215942383,237,878
0.393169641494751,242,885
0.4008946418762207,249,887
0.4065284729003906,254,884
0.41266679763793945,259,883
0.4193532466888428,265,883
0.425091028213501,270,891
0.4313194751739502,275,888
0.43694519996643066,281,885
0.4431445598602295,286,886
0.45067453384399414,291,886
0.456296443939209,299,893
0.4624462127685547,302,895
0.467968225479126,309,887
0.47417569160461426,313,889
0.4808628559112549,320,897
0.486461877822876,325,891
0.49265480041503906,331,892
0.5000333786010742,336,889
0.5052580833435059,341,894
0.5118319988250732,347,897
0.5171124935150146,354,894
0.5241508483886719,363,897
0.5349493026733398,368,898
0.5417952537536621,373,895
0.5484540462493896,381,890
0.5545403957366943,385,896
0.5610051155090332,391,901
0.5666606426239014,397,895
0.5741095542907715,402,893
0.5806007385253906,407,894
0.586205244064331,415,896
0.5924479961395264,419,899
0.6000885963439941,425,894
0.6053032875061035,431,893
0.611891508102417,437,899
0.617154598236084,443,896
0.6240065097808838,447,896
0.6311187744140625,454,891
0.6371743679046631,460,896
0.643357515335083,465,900
0.6508896350860596,472,897
0.6564853191375732,477,891
0.6628570556640625,483,897
0.6691851615905762,489,902
0.6747932434082031,494,899
0.6810986995697021,499,896
0.6866936683654785,505,895
0.6928873062133789,510,899
0.6991682052612305,515,897
0.7059988975524902,521,893
0.7121882438659668,526,893
0.7177073955535889,533,899
0.7251975536346436,539,899
0.7317967414855957,544,898
0.7371001243591309,549,894
0.7433114051818848,555,898
0.7500181198120117,562,897
0.7564067840576172,567,898
0.7625753879547119,573,899
0.7685365676879883,578,894
0.7744302749633789,582,903
0.7809290885925293,589,905
0.7865431308746338,595,904
0.7928693294525146,600,895
0.7991724014282227,605,901
0.8060336112976074,613,906
0.8122453689575195,616,904
0.8177440166473389,621,896
0.8239023685455322,631,902
0.8336668014526367,636,903
0.8402986526489258,641,899
0.8457851409912109,647,899
0.852816104888916,654,903
0.859177827835083,661,903
0.8671543598175049,668,900
0.8753743171691895,675,901
0.8840353488922119,683,907
0.8925251960754395,690,904
0.9013149738311768,699,905
0.9110598564147949,707,907
0.9191975593566895,715,906
0.9327025413513184,726,905
0.9412920475006104,733,904
0.9473180770874023,739,898
0.9548652172088623,746,905
0.9617264270782471,751,908
0.9670119285583496,757,905
0.9731960296630859,763,903
0.9798717498779297,768,902
0.9851083755493164,773,906
0.9916703701019287,779,909
0.9969546794891357,784,905
1.0031871795654297,789,899
