0.020860671997070312,0,0
0.032835960388183594,0,-3
0.047878265380859375,0,-3
0.05957937240600586,-1,-26
0.07457876205444336,-2,-24
0.08417654037475586,-4,-103
0.10210180282592773,-5,-149
0.1155858039855957,-7,-116
0.13079166412353516,-8,-125
0.1429591178894043,-10,-132
0.15620636940002441,-12,-135
0.16510915756225586,-13,-145
0.1712660789489746,-14,-145
0.17680764198303223,-15,-149
0.18302345275878906,-16,-149
0.18954133987426758,-16,-149
0.19517755508422852,-18,-156
0.20895171165466309,-20,-163
0.222398042678833,-22,-164
0.23100519180297852,-24,-168
0.23731088638305664,-24,-167
0.24382996559143066,-26,-168
0.25005006790161133,-27,-169
0.2556445598602295,-28,-172
0.26284098625183105,-29,-172
0.26940011978149414,-30,-173
0.27503442764282227,-31,-172
0.28137683868408203,-32,-171
0.2868924140930176,-33,-170
0.29306983947753906,-34,-168
0.2995412349700928,-35,-171
0.30663228034973145,-36,-169
0.31365203857421875,-38,-172
0.3199639320373535,-39,-173
0.32558488845825195,-40,-170
0.3317875862121582,-41,-172
0.33809685707092285,-42,-174
0.34452009201049805,-43,-191
0.350844144821167,-44,-192
0.35613489151000977,-45,-195
0.36258482933044434,-46,-178
0.37003016471862793,-48,-178
0.37561488151550293,-48,-178
0.3818066120147705,-50,-180
0.38813042640686035,-51,-183
0.39374256134033203,-52,-182
0.4004843235015869,-53,-180
0.4058213233947754,-54,-181
0.412036657333374,-55,-194
0.4195854663848877,-56,-194
0.4251980781555176,-58,-194
0.43138670921325684,-59,-179
0.4373323917388916,-60,-177
0.4431314468383789,-61,-177
0.4508216381072998,-62,-177
0.45607900619506836,-63,-177
0.46268153190612793,-64,-179
0.469937801361084,-66,-181
0.47554802894592285,-66,-179
0.4817841053009033,-68,-182
0.4881274700164795,-70,-181
0.4980645179748535,-71,-182
0.5053291320800781,-72,-182
0.5116677284240723,-73,-186
0.5194196701049805,-74,-186
0.5250349044799805,-76,-184
0.5312469005584717,-76,-181
0.5367960929870605,-78,-179
0.5429728031158447,-78,-180
0.5494513511657715,-80,-181
0.5550668239593506,-81,-181
0.5624754428863525,-82,-182
0.5698375701904297,-84,-179
0.5754702091217041,-85,-179
0.5817949771881104,-86,-178
0.588158369064331,-87,-179
0.5937840938568115,-88,-180
0.6000516414642334,-89,-185
0.6056544780731201,-90,-185
0.6118454933166504,-92,-181
0.6193172931671143,-92,-182
0.6248960494995117,-94,-179
0.6312408447265625,-94,-186
0.6367611885070801,-96,-185
0.6430628299713135,-97,-186
0.6499490737915039,-98,-184
0.6555697917938232,-100,-183
0.6625864505767822,-100,-182
0.6698122024536133,-102,-181
0.6755142211914062,-103,-182
0.681694507598877,-104,-184
0.6880028247833252,-105,-179
0.6936118602752686,-106,-180
0.7000679969787598,-108,-177
0.7057209014892578,-108,-178
0.7119450569152832,-110,-178
0.718635082244873,-110,-182
0.725071907043457,-112,-183
0.7312443256378174,-113,-181
0.7368409633636475,-114,-181
0.7429990768432617,-115,-179
0.7494990825653076,-116,-179
0.7551107406616211,-118,-183
0.761460542678833,-119,-186
0.768176794052124,-120,-186
0.7750158309936523,-121,-185
0.7812120914459229,-122,-183
0.786771297454834,-124,-181
0.7929825782775879,-124,-183
0.7994716167449951,-126,-185
0.8050692081451416,-127,-182
0.8112442493438721,-128,-184
0.8167567253112793,-129,-182
0.824073314666748,-130,-178
0.8306617736816406,-131,-178
0.8359150886535645,-132,-178
0.8420782089233398,-134,-183
0.8488008975982666,-134,-184
0.854029655456543,-136,-181
0.8610115051269531,-136,-180
0.8665359020233154,-138,-180
0.8737339973449707,-139,-182
0.8801581859588623,-140,-183
0.8858151435852051,-142,-184
0.8958418369293213,-143,-186
0.9021956920623779,-144,-186
0.9090423583984375,-146,-182
0.9145538806915283,-146,-184
0.9213862419128418,-148,-183
0.9289679527282715,-149,-186
0.9341475963592529,-150,-186
0.9409046173095703,-151,-184
0.9461746215820312,-152,-184
0.9525878429412842,-154,-179
0.9594700336456299,-154,-181
0.9650797843933105,-156,-179
0.9712841510772705,-157,-184
0.9788055419921875,-158,-182
0.9840235710144043,-159,-179
0.9905965328216553,-160,-178
0.9958698749542236,-162,-181
1.0024821758270264,-162,-181
