0.03133392333984375,0,0
0.042282819747924805,1,22
0.058038949966430664,2,22
0.06929206848144531,4,40
0.08684945106506348,6,171
0.09790229797363281,9,198
0.10983943939208984,13,223
0.12750935554504395,16,253
0.1393604278564453,20,287
0.15212035179138184,24,301
0.1617748737335205,26,314
0.16795730590820312,28,315
0.17421555519104004,30,329
0.17995953559875488,32,339
0.1862637996673584,34,340
0.19183754920959473,38,349
0.20590806007385254,43,360
0.21965980529785156,47,373
0.22808432579040527,50,373
0.2353191375732422,52,382
0.2408299446105957,54,389
0.24712777137756348,56,389
0.25239062309265137,60,388
0.26140737533569336,62,390
0.2679629325866699,65,391
0.2742269039154053,68,396
0.2798750400543213,70,402
0.28645825386047363,72,404
0.2920660972595215,75,407
0.29839086532592773,77,409
0.31412768363952637,84,412
0.32138872146606445,87,408
0.32889437675476074,90,410
0.33684873580932617,93,413
0.3421332836151123,96,419
0.34836387634277344,98,421
0.3552262783050537,100,426
0.3604428768157959,104,425
0.36776018142700195,106,425
0.3736388683319092,109,425
0.3794565200805664,111,418
0.3863978385925293,114,422
0.3920021057128906,117,422
0.3982372283935547,119,424
0.40454959869384766,122,431
0.4101836681365967,126,431
0.4177098274230957,127,431
0.4236128330230713,130,434
0.42940354347229004,132,429
0.4358816146850586,136,427
0.44188976287841797,138,428
0.44809818267822266,141,428
0.45443010330200195,144,432
0.45998239517211914,147,437
0.46736598014831543,148,434
0.4728682041168213,152,435
0.47921037673950195,154,435
0.48572278022766113,156,429
0.4913296699523926,161,431
0.5025224685668945,164,432
0.5089893341064453,170,438
0.5199379920959473,172,438
0.5264084339141846,175,442
0.5320281982421875,178,438
0.5384640693664551,180,436
0.5455172061920166,184,433
0.5519850254058838,186,433
0.5581991672515869,189,436
0.5655786991119385,192,438
0.5711803436279297,195,436
0.5773873329162598,196,444
0.5829048156738281,200,441
0.5891799926757812,203,439
0.5962259769439697,206,437
0.6025292873382568,209,434
0.6112518310546875,212,438
0.6181280612945557,215,434
0.6244468688964844,218,438
0.630040168762207,220,444
0.6363389492034912,223,443
0.6419134140014648,226,439
0.648270845413208,228,437
0.6554925441741943,231,435
0.6611227989196777,234,433
0.6681735515594482,237,436
0.6744704246520996,240,436
0.6801252365112305,242,444
0.6864104270935059,245,442
0.6923785209655762,248,445
0.6994717121124268,250,443
0.7068536281585693,254,435
0.7127912044525146,257,438
0.7201716899871826,260,435
0.7283127307891846,264,441
0.7361352443695068,267,442
0.7417302131652832,270,442
0.7479453086853027,272,443
0.7542760372161865,275,442
0.7598781585693359,278,437
0.7678465843200684,281,438
0.7751040458679199,284,437
0.7803218364715576,286,438
0.7869236469268799,289,440
0.792269229888916,292,438
0.7991156578063965,294,444
0.8056073188781738,297,440
0.8111793994903564,300,440
0.8173975944519043,303,435
0.8245036602020264,306,436
0.8300917148590088,308,434
0.8368699550628662,311,440
0.8421530723571777,314,441
0.8483409881591797,316,443
0.8550357818603516,319,445
0.8602471351623535,322,440
0.8668727874755859,324,441
0.873213529586792,328,434
0.879352331161499,329,434
0.8858096599578857,332,436
0.8914074897766113,335,434
0.8981845378875732,338,439
0.9045066833496094,340,444
0.9102749824523926,345,443
0.9213895797729492,348,438
0.9277112483978271,350,434
0.9332118034362793,354,434
0.9396302700042725,356,437
0.9461417198181152,359,436
0.9517960548400879,362,444
0.9581334590911865,366,442
0.9677176475524902,369,442
0.9751999378204346,372,441
0.9804036617279053,374,436
0.9870166778564453,376,435
0.9931848049163818,381,435
1.00229811668396,384,443
