0.03022003173828125,0,0
0.04124903678894043,1,3
0.053296566009521484,1,3
0.07040905952453613,1,7
0.0823523998260498,3,45
0.09611344337463379,4,95
0.11341714859008789,6,103
0.13093852996826172,8,120
0.14304375648498535,9,131
0.15673518180847168,11,142
0.16743969917297363,13,147
0.17302250862121582,13,150
0.17931842803955078,15,154
0.18491697311401367,15,157
0.191145658493042,16,155
0.19751834869384766,17,162
0.2033069133758545,18,163
0.21355795860290527,21,168
0.22979021072387695,23,166
0.2390308380126953,24,168
0.24511122703552246,25,168
0.2513282299041748,27,173
0.25821948051452637,27,175
0.2634575366973877,29,174
0.27085256576538086,30,175
0.2767751216888428,31,175
0.282731294631958,32,178
0.28908348083496094,33,178
0.29470252990722656,34,180
0.30091190338134766,35,180
0.30722475051879883,37,185
0.3127620220184326,37,184
0.32027387619018555,39,183
0.3262021541595459,40,187
0.33237218856811523,41,187
0.3388974666595459,43,190
0.3445611000061035,43,187
0.3507673740386963,45,186
0.3566734790802002,46,183
0.36283159255981445,47,180
0.3702118396759033,48,186
0.3755156993865967,49,186
0.38211655616760254,50,187
0.3885958194732666,51,185
0.39418578147888184,53,183
0.4004039764404297,53,182
0.40590357780456543,55,186
0.4121873378753662,56,185
0.4194221496582031,57,188
0.4250679016113281,59,187
0.43128514289855957,59,188
0.4385857582092285,61,192
0.4442150592803955,62,187
0.4503936767578125,63,192
0.455935001373291,65,189
0.46216416358947754,65,193
0.4686923027038574,67,191
0.47510266304016113,68,190
0.4812965393066406,69,191
0.4881892204284668,70,187
0.49343323707580566,71,187
0.5001895427703857,73,187
0.5102324485778809,75,190
0.5155279636383057,76,187
0.5234582424163818,77,186
0.5302164554595947,78,190
0.5355150699615479,79,191
0.5419578552246094,81,193
0.5484890937805176,81,193
0.5541365146636963,83,188
0.5604803562164307,84,190
0.5660257339477539,85,192
0.5732741355895996,87,196
0.5799007415771484,88,195
0.5851955413818359,89,193
0.591402530670166,90,193
0.5980932712554932,91,188
0.6033580303192139,93,192
0.6099605560302734,93,196
0.6152327060699463,95,187
0.6234674453735352,96,190
0.6300914287567139,97,186
0.6354010105133057,99,190
0.641850471496582,99,190
0.6483685970306396,101,188
0.6538686752319336,102,194
0.6601855754852295,103,191
0.6655097007751465,104,190
0.6719355583190918,106,189
0.68088698387146,107,192
0.687993049621582,109,193
0.6932559013366699,109,195
0.6998722553253174,111,196
0.7051839828491211,112,195
0.7114129066467285,113,193
0.7181668281555176,114,194
0.724891185760498,116,192
0.7311272621154785,117,194
0.7374269962310791,119,189
0.7446203231811523,119,189
0.7510015964508057,121,189
0.7573103904724121,122,187
0.7629585266113281,123,190
0.7692844867706299,124,192
0.7759497165679932,126,191
0.782170295715332,127,191
0.7886848449707031,127,188
0.794346809387207,129,191
0.8007063865661621,130,191
0.8062577247619629,131,195
0.8124372959136963,133,194
0.8191380500793457,134,191
0.8255064487457275,135,195
0.8323168754577637,136,190
0.8388407230377197,137,195
0.8444743156433105,139,195
0.8506453037261963,140,196
0.8561928272247314,141,197
0.8626613616943359,142,192
0.8690481185913086,143,189
0.8746893405914307,145,190
0.8820254802703857,146,190
0.8885397911071777,147,190
0.8941802978515625,148,190
0.9003653526306152,149,192
0.9103989601135254,151,189
0.9159343242645264,153,190
0.9224390983581543,153,189
0.9360558986663818,159,194
0.954190731048584,160,194
0.9605052471160889,161,190
0.9660348892211914,163,197
0.9723842144012451,163,197
0.983511209487915,167,187
1.0002856254577637,169,191
