0.036919355392456055,0,0
0.04786872863769531,-1,-14
0.06307220458984375,-2,-170
0.08100438117980957,-7,-278
0.09377837181091309,-14,-338
0.10753893852233887,-18,-426
0.11951947212219238,-24,-522
0.13492417335510254,-34,-596
0.1461949348449707,-42,-662
0.1612246036529541,-50,-748
0.1739346981048584,-63,-797
0.18627214431762695,-76,-852
0.1976170539855957,-80,-871
0.20381593704223633,-86,-876
0.2110443115234375,-92,-905
0.21625447273254395,-98,-927
0.22291278839111328,-103,-943
0.22824573516845703,-112,-972
0.2420032024383545,-128,-997
0.2557651996612549,-139,-1013
0.2655363082885742,-147,-1025
0.2720637321472168,-153,-1030
0.27768778800964355,-160,-1035
0.2843210697174072,-166,-1045
0.2910497188568115,-174,-1048
0.29755687713623047,-180,-1047
0.3038139343261719,-187,-1053
0.3100872039794922,-193,-1060
0.31587934494018555,-200,-1061
0.32318687438964844,-208,-1060
0.32946038246154785,-214,-1068
0.3352816104888916,-219,-1070
0.34176158905029297,-228,-1070
0.34818005561828613,-234,-1072
0.3546595573425293,-240,-1078
0.3611738681793213,-247,-1081
0.36669087409973145,-253,-1078
0.3731560707092285,-260,-1085
0.378690242767334,-266,-1086
0.38584089279174805,-275,-1085
0.3922574520111084,-282,-1085
0.39891672134399414,-290,-1090
0.4055008888244629,-295,-1091
0.4120006561279297,-304,-1089
0.41764307022094727,-310,-1097
0.42380261421203613,-316,-1096
0.43010950088500977,-323,-1098
0.43593764305114746,-330,-1097
0.44323301315307617,-338,-1099
0.45099687576293945,-345,-1096
0.45621633529663086,-352,-1099
0.4628176689147949,-358,-1098
0.4681367874145508,-365,-1096
0.4788987636566162,-378,-1098
0.4852123260498047,-384,-1099
0.49265289306640625,-391,-1095
0.4990570545196533,-400,-1096
0.5069806575775146,-409,-1101
0.5132009983062744,-413,-1099
0.5187332630157471,-422,-1099
0.5250470638275146,-426,-1097
0.5317041873931885,-435,-1099
0.537339448928833,-442,-1098
0.5435705184936523,-448,-1103
0.5512599945068359,-455,-1101
0.5568678379058838,-462,-1103
0.5631341934204102,-468,-1102
0.5686969757080078,-475,-1100
0.5748646259307861,-482,-1102
0.5813698768615723,-488,-1104
0.5870108604431152,-497,-1105
0.5932221412658691,-502,-1101
0.6003515720367432,-510,-1101
0.6063601970672607,-517,-1099
0.613694429397583,-526,-1103
0.6199524402618408,-532,-1104
0.6255295276641846,-537,-1104
0.6318886280059814,-546,-1108
0.6375257968902588,-552,-1107
0.6437339782714844,-559,-1102
0.65116286277771,-566,-1103
0.6563541889190674,-572,-1103
0.6631052494049072,-579,-1101
0.6686534881591797,-588,-1099
0.6750059127807617,-592,-1102
0.6815576553344727,-598,-1106
0.6872107982635498,-608,-1106
0.6934130191802979,-612,-1105
0.698972225189209,-621,-1106
0.7060480117797852,-636,-1101
0.7217929363250732,-645,-1102
0.7282121181488037,-652,-1105
0.7348613739013672,-658,-1104
0.7413444519042969,-665,-1104
0.7470095157623291,-674,-1104
0.7538797855377197,-680,-1105
0.7601761817932129,-687,-1110
0.7672698497772217,-696,-1104
0.7734541893005371,-700,-1104
0.7789907455444336,-709,-1106
0.7852091789245605,-714,-1104
0.7919769287109375,-722,-1103
0.7980260848999023,-731,-1104
0.8052632808685303,-736,-1107
0.8118898868560791,-744,-1103
0.8182814121246338,-754,-1105
0.8271427154541016,-764,-1107
0.8352751731872559,-771,-1107
0.8433248996734619,-778,-1106
0.8488912582397461,-786,-1105
0.8562586307525635,-793,-1108
0.8628747463226318,-800,-1108
0.8681662082672119,-816,-1112
0.8831295967102051,-822,-1111
0.8886520862579346,-831,-1114
0.8950185775756836,-836,-1110
0.9017195701599121,-846,-1113
0.9170539379119873,-862,-1108
0.928774356842041,-880,-1110
0.943044900894165,-891,-1106
0.9547603130340576,-908,-1108
0.9676389694213867,-922,-1102
0.9812109470367432,-933,-1104
0.9943521022796631,-946,-1108
1.001861572265625,-955,-1104
