0.020284414291381836,0,0
0.034277915954589844,1,35
0.05128169059753418,3,58
0.06405949592590332,6,203
0.07696795463562012,10,282
0.08966374397277832,16,368
0.1110224723815918,27,412
0.13808941841125488,36,465
0.15739774703979492,44,507
0.17249703407287598,51,522
0.18423676490783691,60,545
0.19693326950073242,66,572
0.2096571922302246,74,579
0.22399091720581055,80,588
0.23137712478637695,84,591
0.23801112174987793,88,601
0.24328970909118652,92,610
0.2501392364501953,95,616
0.256638765335083,99,614
0.26224684715270996,106,616
0.2742886543273926,114,630
0.28843116760253906,120,638
0.29738879203796387,126,638
0.3034489154815674,130,638
0.3096635341644287,134,643
0.3164329528808594,137,648
0.32200050354003906,141,653
0.3292703628540039,146,650
0.33561205863952637,150,653
0.3412497043609619,154,651
0.347994327545166,158,655
0.35328221321105957,162,662
0.3594949245452881,166,664
0.3661782741546631,170,662
0.371387243270874,174,659
0.3820676803588867,184,665
0.3914823532104492,189,669
0.39931392669677734,193,673
0.4066812992095947,198,668
0.4131450653076172,202,665
0.4193718433380127,206,667
0.4274895191192627,213,673
0.43665099143981934,218,675
0.44362473487854004,224,666
0.4508528709411621,228,668
0.4582517147064209,233,674
0.46476149559020996,237,682
0.47237372398376465,242,676
0.47872352600097656,246,673
0.488018274307251,252,677
0.49327850341796875,258,680
0.5009782314300537,262,683
0.507432222366333,266,676
0.5130634307861328,270,672
0.5231812000274658,276,674
0.5295443534851074,280,682
0.5371885299682617,286,687
0.5429022312164307,290,679
0.5492563247680664,294,678
0.556511402130127,298,671
0.5620112419128418,302,675
0.5685074329376221,306,688
0.5740315914154053,312,682
0.5802669525146484,316,682
0.5875577926635742,320,673
0.5931839942932129,324,678
0.5994353294372559,328,685
0.6063053607940674,332,683
0.6115543842315674,336,687
0.6181635856628418,340,679
0.6234550476074219,344,675
0.6300935745239258,348,677
0.6373240947723389,354,682
0.6429727077484131,358,683
0.6492021083831787,362,679
0.6555776596069336,366,674
0.6612112522125244,370,674
0.6675412654876709,374,681
0.6731555461883545,378,686
0.6793835163116455,382,684
0.6868753433227539,387,679
0.6925208568572998,392,673
0.698721170425415,395,675
0.7042973041534424,400,680
0.7112905979156494,404,683
0.71793532371521,408,684
0.7232379913330078,412,681
0.7294759750366211,416,673
0.736947774887085,422,676
0.742652177810669,426,685
0.7490296363830566,430,687
0.7553205490112305,434,682
0.7608640193939209,438,675
0.7689805030822754,444,678
0.776299238204956,448,686
0.7831783294677734,455,681
0.7912495136260986,459,682
0.7992448806762695,464,677
0.8068816661834717,468,678
0.8125295639038086,474,686
0.8200278282165527,479,685
0.8281586170196533,484,682
0.8334712982177734,488,674
0.8409407138824463,493,680
0.8472931385040283,497,681
0.8529219627380371,501,690
0.8595304489135742,505,683
0.8664705753326416,509,679
0.8719871044158936,513,675
0.8792886734008789,519,679
0.8860995769500732,523,685
0.8925764560699463,528,685
0.8987753391265869,531,678
0.9043059349060059,536,675
0.9105162620544434,539,677
0.9170539379119873,546,685
0.9283537864685059,553,689
0.9367890357971191,560,680
0.9467413425445557,565,678
0.9543521404266357,570,684
0.9634020328521729,578,683
0.9725935459136963,584,681
0.9814095497131348,590,684
0.9914743900299072,596,683
1.000178575515747,602,681
