0.023137569427490234,0,-2
0.034996747970581055,0,-16
0.047823190689086914,-2,-40
0.061131954193115234,-4,-208
0.07385563850402832,-12,-342
0.09375762939453125,-18,-413
0.1058506965637207,-22,-466
0.12026715278625488,-30,-524
0.13399648666381836,-40,-574
0.147566556930542,-46,-626
0.15959548950195312,-54,-656
0.1720583438873291,-67,-693
0.18605375289916992,-71,-707
0.19334030151367188,-77,-719
0.19961929321289062,-81,-728
0.20555710792541504,-84,-745
0.21190190315246582,-90,-748
0.217529296875,-98,-777
0.2313094139099121,-108,-788
0.24480295181274414,-118,-805
0.2530171871185303,-122,-814
0.25891709327697754,-129,-816
0.26526808738708496,-136,-821
0.27353644371032715,-139,-832
0.279094934463501,-146,-836
0.2864556312561035,-151,-837
0.2931666374206543,-156,-840
0.29843902587890625,-161,-845
0.3048708438873291,-166,-851
0.31134486198425293,-171,-856
0.31685519218444824,-176,-853
0.32318830490112305,-182,-849
0.32845139503479004,-187,-861
0.3357970714569092,-194,-869
0.3422505855560303,-198,-862
0.34786224365234375,-204,-855
0.3544330596923828,-209,-867
0.3611125946044922,-214,-871
0.36630845069885254,-220,-869
0.37293148040771484,-225,-869
0.37821006774902344,-230,-870
0.3843967914581299,-236,-876
0.3920605182647705,-242,-874
0.39768099784851074,-248,-874
0.4040861129760742,-253,-873
0.4103968143463135,-258,-876
0.4159979820251465,-264,-877
0.422332763671875,-268,-879
0.4279294013977051,-279,-874
0.4410698413848877,-284,-881
0.44628214836120605,-290,-885
0.4532926082611084,-295,-877
0.45882749557495117,-302,-875
0.4651927947998047,-306,-882
0.47171878814697266,-311,-880
0.48331451416015625,-321,-871
0.4912238121032715,-328,-878
0.49642038345336914,-334,-885
0.5031702518463135,-339,-884
0.5084755420684814,-344,-877
0.5149085521697998,-350,-876
0.5216400623321533,-355,-878
0.5272424221038818,-362,-884
0.5334310531616211,-366,-881
0.5412187576293945,-374,-878
0.5477211475372314,-380,-885
0.5542652606964111,-385,-885
0.5609562397003174,-390,-882
0.5661931037902832,-395,-882
0.5728440284729004,-400,-882
0.578110933303833,-406,-883
0.5844523906707764,-411,-880
0.5919663906097412,-418,-883
0.5976002216339111,-424,-880
0.6038370132446289,-429,-885
0.6101086139678955,-434,-887
0.6156749725341797,-440,-879
0.622962236404419,-444,-874
0.628267765045166,-450,-882
0.6347291469573975,-456,-889
0.6421148777008057,-462,-885
0.647759199142456,-468,-876
0.6541082859039307,-473,-885
0.6604211330413818,-478,-890
0.6660542488098145,-484,-889
0.6723356246948242,-489,-878
0.677929162979126,-494,-882
0.6841156482696533,-500,-887
0.6916065216064453,-505,-889
0.6973288059234619,-512,-876
0.7036819458007812,-516,-880
0.7095847129821777,-522,-879
0.7153820991516113,-526,-889
0.7218782901763916,-533,-888
0.7274928092956543,-538,-884
0.7336788177490234,-544,-882
0.7396056652069092,-549,-884
0.7464172840118408,-554,-889
0.7530252933502197,-560,-879
0.7588880062103271,-567,-879
0.7652485370635986,-570,-882
0.7717273235321045,-576,-889
0.7773458957672119,-583,-883
0.7836954593658447,-586,-877
0.7895786762237549,-593,-879
0.7963945865631104,-598,-889
0.8030214309692383,-604,-886
0.8083202838897705,-609,-876
0.8148095607757568,-614,-879
0.8214445114135742,-620,-886
0.8271009922027588,-625,-885
0.8332986831665039,-630,-880
0.8388447761535645,-636,-879
0.846062421798706,-643,-885
0.8523461818695068,-648,-889
0.8588247299194336,-654,-883
0.8649890422821045,-658,-882
0.8714752197265625,-664,-882
0.8814115524291992,-674,-891
0.8876280784606934,-680,-878
0.8950691223144531,-685,-876
0.9017465114593506,-690,-883
0.9073777198791504,-698,-883
0.9148898124694824,-703,-883
0.9213969707489014,-708,-876
0.9269778728485107,-714,-879
0.9343438148498535,-720,-886
0.941936731338501,-728,-879
0.9483511447906494,-733,-884
0.9548196792602539,-738,-886
0.9616522789001465,-744,-882
0.9672694206237793,-750,-879
0.9744315147399902,-756,-881
0.981250524520874,-761,-879
0.9864223003387451,-766,-886
0.9930269718170166,-774,-888
1.0000684261322021,-778,-880
